0.000000000000000000e+00 8.999666666666666925e-01 8.922999999999999821e-01
1.000000000000000000e+00 8.955499999999999572e-01 8.885999999999999455e-01
2.000000000000000000e+00 8.916333333333333888e-01 8.817000000000000393e-01
3.000000000000000000e+00 8.867333333333333734e-01 8.748000000000000220e-01
4.000000000000000000e+00 8.825666666666667215e-01 8.706000000000000405e-01
5.000000000000000000e+00 8.786333333333333773e-01 8.682999999999999607e-01
6.000000000000000000e+00 8.746333333333333737e-01 8.629000000000000004e-01
7.000000000000000000e+00 8.705000000000000515e-01 8.592999999999999527e-01
8.000000000000000000e+00 8.669000000000000039e-01 8.560999999999999721e-01
9.000000000000000000e+00 8.632833333333332915e-01 8.519999999999999796e-01
1.000000000000000000e+01 8.593499999999999472e-01 8.481999999999999540e-01
1.100000000000000000e+01 8.554000000000000492e-01 8.443000000000000504e-01
1.200000000000000000e+01 8.510166666666666435e-01 8.377999999999999892e-01
1.300000000000000000e+01 8.461999999999999522e-01 8.322000000000000508e-01
1.400000000000000000e+01 8.419333333333333114e-01 8.280999999999999472e-01
1.500000000000000000e+01 8.371666666666666146e-01 8.229999999999999538e-01
1.600000000000000000e+01 8.325166666666666826e-01 8.172000000000000375e-01
1.700000000000000000e+01 8.276999999999999913e-01 8.121000000000000441e-01
1.800000000000000000e+01 8.229499999999999593e-01 8.076999999999999735e-01
1.900000000000000000e+01 8.181500000000000439e-01 8.037999999999999590e-01
2.000000000000000000e+01 8.133666666666666822e-01 7.990000000000000435e-01
2.100000000000000000e+01 8.088833333333332876e-01 7.925999999999999712e-01
2.200000000000000000e+01 8.041333333333333666e-01 7.881000000000000227e-01
2.300000000000000000e+01 7.995833333333333126e-01 7.826999999999999513e-01
2.400000000000000000e+01 7.950500000000000345e-01 7.772000000000000020e-01
2.500000000000000000e+01 7.903499999999999970e-01 7.721999999999999975e-01
2.600000000000000000e+01 7.863166666666666638e-01 7.674999999999999600e-01
2.700000000000000000e+01 7.819333333333333691e-01 7.634999999999999565e-01
2.800000000000000000e+01 7.774833333333333041e-01 7.589000000000000190e-01
2.900000000000000000e+01 7.730500000000000149e-01 7.558000000000000274e-01
3.000000000000000000e+01 7.683499999999999774e-01 7.518000000000000238e-01
3.100000000000000000e+01 7.644166666666666332e-01 7.477000000000000313e-01
3.200000000000000000e+01 7.604833333333332890e-01 7.441999999999999726e-01
3.300000000000000000e+01 7.566666666666667096e-01 7.399999999999999911e-01
3.400000000000000000e+01 7.530499999999999972e-01 7.358000000000000096e-01
3.500000000000000000e+01 7.495833333333333792e-01 7.321999999999999620e-01
3.600000000000000000e+01 7.454666666666667219e-01 7.274000000000000465e-01
3.700000000000000000e+01 7.416500000000000314e-01 7.229999999999999760e-01
3.800000000000000000e+01 7.374833333333333796e-01 7.195000000000000284e-01
3.900000000000000000e+01 7.334000000000000519e-01 7.154000000000000359e-01
4.000000000000000000e+01 7.292833333333332835e-01 7.115000000000000213e-01
4.100000000000000000e+01 7.252166666666666206e-01 7.084000000000000297e-01
4.200000000000000000e+01 7.210499999999999687e-01 7.043000000000000371e-01
4.300000000000000000e+01 7.169999999999999707e-01 7.003000000000000336e-01
4.400000000000000000e+01 7.132666666666667155e-01 6.955000000000000071e-01
4.500000000000000000e+01 7.095333333333333492e-01 6.914000000000000146e-01
4.600000000000000000e+01 7.059833333333332961e-01 6.886999999999999789e-01
4.700000000000000000e+01 7.022666666666667057e-01 6.854999999999999982e-01
4.800000000000000000e+01 6.984666666666666801e-01 6.807999999999999607e-01
4.900000000000000000e+01 6.947999999999999732e-01 6.768999999999999462e-01
5.000000000000000000e+01 6.915000000000000036e-01 6.717999999999999527e-01
