0.000000000000000000e+00 9.139333333333333753e-01 9.164999999999999813e-01
1.000000000000000000e+00 4.158333333333333326e-02 4.900000000000000189e-02
2.000000000000000000e+00 2.566666666666666749e-02 3.690000000000000224e-02
3.000000000000000000e+00 1.884999999999999870e-02 3.269999999999999990e-02
4.000000000000000000e+00 1.488333333333333348e-02 3.139999999999999736e-02
5.000000000000000000e+00 1.195000000000000055e-02 3.130000000000000143e-02
6.000000000000000000e+00 9.683333333333333723e-03 3.039999999999999994e-02
7.000000000000000000e+00 7.649999999999999682e-03 3.080000000000000099e-02
8.000000000000000000e+00 6.383333333333333741e-03 3.130000000000000143e-02
9.000000000000000000e+00 5.383333333333333720e-03 3.119999999999999857e-02
1.000000000000000000e+01 3.833333333333333124e-03 3.099999999999999978e-02
1.100000000000000000e+01 2.233333333333333264e-03 2.980000000000000010e-02
1.200000000000000000e+01 1.383333333333333420e-03 2.850000000000000103e-02
1.300000000000000000e+01 9.499999999999999981e-04 2.769999999999999893e-02
1.400000000000000000e+01 6.999999999999999929e-04 2.699999999999999969e-02
1.500000000000000000e+01 5.166666666666666846e-04 2.649999999999999925e-02
1.600000000000000000e+01 3.166666666666666480e-04 2.620000000000000107e-02
1.700000000000000000e+01 1.833333333333333353e-04 2.610000000000000167e-02
1.800000000000000000e+01 1.333333333333333397e-04 2.589999999999999941e-02
1.900000000000000000e+01 6.666666666666666986e-05 2.560000000000000123e-02
2.000000000000000000e+01 6.666666666666666986e-05 2.520000000000000018e-02
2.100000000000000000e+01 6.666666666666666986e-05 2.479999999999999913e-02
2.200000000000000000e+01 6.666666666666666986e-05 2.460000000000000034e-02
2.300000000000000000e+01 3.333333333333333493e-05 2.450000000000000094e-02
2.400000000000000000e+01 3.333333333333333493e-05 2.450000000000000094e-02
2.500000000000000000e+01 1.666666666666666747e-05 2.440000000000000155e-02
2.600000000000000000e+01 0.000000000000000000e+00 2.429999999999999868e-02
2.700000000000000000e+01 0.000000000000000000e+00 2.419999999999999929e-02
2.800000000000000000e+01 0.000000000000000000e+00 2.380000000000000171e-02
2.900000000000000000e+01 0.000000000000000000e+00 2.369999999999999885e-02
3.000000000000000000e+01 0.000000000000000000e+00 2.369999999999999885e-02
3.100000000000000000e+01 0.000000000000000000e+00 2.369999999999999885e-02
3.200000000000000000e+01 0.000000000000000000e+00 2.340000000000000066e-02
3.300000000000000000e+01 0.000000000000000000e+00 2.350000000000000006e-02
3.400000000000000000e+01 0.000000000000000000e+00 2.350000000000000006e-02
3.500000000000000000e+01 0.000000000000000000e+00 2.350000000000000006e-02
3.600000000000000000e+01 0.000000000000000000e+00 2.350000000000000006e-02
3.700000000000000000e+01 0.000000000000000000e+00 2.350000000000000006e-02
3.800000000000000000e+01 0.000000000000000000e+00 2.350000000000000006e-02
3.900000000000000000e+01 0.000000000000000000e+00 2.340000000000000066e-02
4.000000000000000000e+01 0.000000000000000000e+00 2.340000000000000066e-02
4.100000000000000000e+01 0.000000000000000000e+00 2.350000000000000006e-02
4.200000000000000000e+01 0.000000000000000000e+00 2.330000000000000127e-02
4.300000000000000000e+01 0.000000000000000000e+00 2.330000000000000127e-02
4.400000000000000000e+01 0.000000000000000000e+00 2.319999999999999840e-02
4.500000000000000000e+01 0.000000000000000000e+00 2.319999999999999840e-02
4.600000000000000000e+01 0.000000000000000000e+00 2.309999999999999901e-02
4.700000000000000000e+01 0.000000000000000000e+00 2.309999999999999901e-02
4.800000000000000000e+01 0.000000000000000000e+00 2.309999999999999901e-02
4.900000000000000000e+01 0.000000000000000000e+00 2.290000000000000022e-02
5.000000000000000000e+01 0.000000000000000000e+00 2.290000000000000022e-02
