0.000000000000000000e+00 9.002833333333333243e-01 8.973999999999999755e-01
1.000000000000000000e+00 4.476666666666666988e-02 5.750000000000000250e-02
2.000000000000000000e+00 2.818333333333333454e-02 4.529999999999999999e-02
3.000000000000000000e+00 2.121666666666666839e-02 4.030000000000000249e-02
4.000000000000000000e+00 1.584999999999999951e-02 3.649999999999999772e-02
5.000000000000000000e+00 1.255000000000000039e-02 3.450000000000000289e-02
6.000000000000000000e+00 1.028333333333333356e-02 3.409999999999999837e-02
7.000000000000000000e+00 8.149999999999999259e-03 3.320000000000000034e-02
8.000000000000000000e+00 6.199999999999999782e-03 3.269999999999999990e-02
9.000000000000000000e+00 4.633333333333333054e-03 3.180000000000000188e-02
1.000000000000000000e+01 3.283333333333333416e-03 3.080000000000000099e-02
1.100000000000000000e+01 2.583333333333333315e-03 2.949999999999999845e-02
1.200000000000000000e+01 2.066666666666666739e-03 2.939999999999999905e-02
1.300000000000000000e+01 1.783333333333333385e-03 2.960000000000000131e-02
1.400000000000000000e+01 1.183333333333333329e-03 2.850000000000000103e-02
1.500000000000000000e+01 1.049999999999999935e-03 2.850000000000000103e-02
1.600000000000000000e+01 6.499999999999999702e-04 2.750000000000000014e-02
1.700000000000000000e+01 5.333333333333333589e-04 2.719999999999999848e-02
1.800000000000000000e+01 1.833333333333333353e-04 2.690000000000000030e-02
1.900000000000000000e+01 6.666666666666666986e-05 2.699999999999999969e-02
2.000000000000000000e+01 5.000000000000000240e-05 2.670000000000000151e-02
2.100000000000000000e+01 3.333333333333333493e-05 2.630000000000000046e-02
2.200000000000000000e+01 3.333333333333333493e-05 2.610000000000000167e-02
2.300000000000000000e+01 1.666666666666666747e-05 2.610000000000000167e-02
2.400000000000000000e+01 0.000000000000000000e+00 2.610000000000000167e-02
2.500000000000000000e+01 0.000000000000000000e+00 2.620000000000000107e-02
2.600000000000000000e+01 0.000000000000000000e+00 2.610000000000000167e-02
2.700000000000000000e+01 0.000000000000000000e+00 2.589999999999999941e-02
2.800000000000000000e+01 0.000000000000000000e+00 2.599999999999999881e-02
2.900000000000000000e+01 0.000000000000000000e+00 2.580000000000000002e-02
3.000000000000000000e+01 0.000000000000000000e+00 2.580000000000000002e-02
3.100000000000000000e+01 0.000000000000000000e+00 2.560000000000000123e-02
3.200000000000000000e+01 0.000000000000000000e+00 2.560000000000000123e-02
3.300000000000000000e+01 0.000000000000000000e+00 2.549999999999999836e-02
3.400000000000000000e+01 0.000000000000000000e+00 2.549999999999999836e-02
3.500000000000000000e+01 0.000000000000000000e+00 2.539999999999999897e-02
3.600000000000000000e+01 0.000000000000000000e+00 2.560000000000000123e-02
3.700000000000000000e+01 0.000000000000000000e+00 2.549999999999999836e-02
3.800000000000000000e+01 0.000000000000000000e+00 2.539999999999999897e-02
3.900000000000000000e+01 0.000000000000000000e+00 2.549999999999999836e-02
4.000000000000000000e+01 0.000000000000000000e+00 2.549999999999999836e-02
4.100000000000000000e+01 0.000000000000000000e+00 2.549999999999999836e-02
4.200000000000000000e+01 0.000000000000000000e+00 2.539999999999999897e-02
4.300000000000000000e+01 0.000000000000000000e+00 2.549999999999999836e-02
4.400000000000000000e+01 0.000000000000000000e+00 2.529999999999999957e-02
4.500000000000000000e+01 0.000000000000000000e+00 2.520000000000000018e-02
4.600000000000000000e+01 0.000000000000000000e+00 2.520000000000000018e-02
4.700000000000000000e+01 0.000000000000000000e+00 2.520000000000000018e-02
4.800000000000000000e+01 0.000000000000000000e+00 2.510000000000000078e-02
4.900000000000000000e+01 0.000000000000000000e+00 2.510000000000000078e-02
5.000000000000000000e+01 0.000000000000000000e+00 2.510000000000000078e-02
