0.000000000000000000e+00 8.918000000000000371e-01 8.964999999999999636e-01
1.000000000000000000e+00 1.323833333333333251e-01 1.287000000000000088e-01
2.000000000000000000e+00 1.029499999999999998e-01 9.859999999999999321e-02
3.000000000000000000e+00 9.105000000000000593e-02 8.640000000000000457e-02
4.000000000000000000e+00 8.334999999999999354e-02 8.019999999999999352e-02
5.000000000000000000e+00 7.660000000000000142e-02 7.549999999999999767e-02
6.000000000000000000e+00 7.130000000000000226e-02 7.130000000000000226e-02
7.000000000000000000e+00 6.704999999999999849e-02 6.779999999999999916e-02
8.000000000000000000e+00 6.370000000000000662e-02 6.479999999999999649e-02
9.000000000000000000e+00 6.036666666666666570e-02 6.219999999999999835e-02
1.000000000000000000e+01 5.791666666666666491e-02 5.850000000000000339e-02
1.100000000000000000e+01 5.593333333333333490e-02 5.659999999999999754e-02
1.200000000000000000e+01 5.358333333333333004e-02 5.419999999999999818e-02
1.300000000000000000e+01 5.134999999999999981e-02 5.269999999999999685e-02
1.400000000000000000e+01 4.986666666666666331e-02 5.140000000000000124e-02
1.500000000000000000e+01 4.838333333333333375e-02 4.979999999999999705e-02
1.600000000000000000e+01 4.703333333333333671e-02 4.870000000000000023e-02
1.700000000000000000e+01 4.529999999999999999e-02 4.769999999999999934e-02
1.800000000000000000e+01 4.408333333333333548e-02 4.669999999999999846e-02
1.900000000000000000e+01 4.261666666666666381e-02 4.519999999999999712e-02
2.000000000000000000e+01 4.158333333333333326e-02 4.370000000000000273e-02
2.100000000000000000e+01 4.038333333333333358e-02 4.309999999999999942e-02
2.200000000000000000e+01 3.938333333333333269e-02 4.200000000000000261e-02
2.300000000000000000e+01 3.835000000000000214e-02 4.120000000000000051e-02
2.400000000000000000e+01 3.726666666666666322e-02 4.070000000000000007e-02
2.500000000000000000e+01 3.633333333333333554e-02 3.960000000000000325e-02
2.600000000000000000e+01 3.563333333333333630e-02 3.910000000000000281e-02
2.700000000000000000e+01 3.483333333333333420e-02 3.830000000000000071e-02
2.800000000000000000e+01 3.403333333333333210e-02 3.780000000000000027e-02
2.900000000000000000e+01 3.314999999999999891e-02 3.719999999999999696e-02
3.000000000000000000e+01 3.250000000000000111e-02 3.670000000000000345e-02
3.100000000000000000e+01 3.173333333333333561e-02 3.590000000000000135e-02
3.200000000000000000e+01 3.096666666666666665e-02 3.549999999999999684e-02
3.300000000000000000e+01 3.038333333333333164e-02 3.479999999999999760e-02
3.400000000000000000e+01 2.991666666666666780e-02 3.409999999999999837e-02
3.500000000000000000e+01 2.925000000000000169e-02 3.339999999999999913e-02
3.600000000000000000e+01 2.878333333333333438e-02 3.280000000000000276e-02
3.700000000000000000e+01 2.831666666666666707e-02 3.269999999999999990e-02
3.800000000000000000e+01 2.779999999999999832e-02 3.219999999999999946e-02
3.900000000000000000e+01 2.731666666666666618e-02 3.209999999999999659e-02
4.000000000000000000e+01 2.670000000000000151e-02 3.189999999999999780e-02
4.100000000000000000e+01 2.620000000000000107e-02 3.189999999999999780e-02
4.200000000000000000e+01 2.581666666666666832e-02 3.150000000000000022e-02
4.300000000000000000e+01 2.523333333333333331e-02 3.130000000000000143e-02
4.400000000000000000e+01 2.488333333333333369e-02 3.130000000000000143e-02
4.500000000000000000e+01 2.440000000000000155e-02 3.090000000000000038e-02
4.600000000000000000e+01 2.415000000000000133e-02 3.080000000000000099e-02
4.700000000000000000e+01 2.366666666666666571e-02 3.080000000000000099e-02
4.800000000000000000e+01 2.315000000000000044e-02 3.039999999999999994e-02
4.900000000000000000e+01 2.273333333333333456e-02 2.999999999999999889e-02
5.000000000000000000e+01 2.234999999999999834e-02 2.980000000000000010e-02
