0.000000000000000000e+00 8.826000000000000512e-01 8.774999999999999467e-01
1.000000000000000000e+00 2.436166666666666758e-01 2.353999999999999981e-01
2.000000000000000000e+00 1.821000000000000119e-01 1.721999999999999920e-01
3.000000000000000000e+00 1.549999999999999989e-01 1.491999999999999993e-01
4.000000000000000000e+00 1.378999999999999948e-01 1.348000000000000032e-01
5.000000000000000000e+00 1.261833333333333418e-01 1.247999999999999943e-01
6.000000000000000000e+00 1.182499999999999940e-01 1.189000000000000057e-01
7.000000000000000000e+00 1.116999999999999937e-01 1.135000000000000037e-01
8.000000000000000000e+00 1.058833333333333293e-01 1.083999999999999964e-01
9.000000000000000000e+00 1.010833333333333306e-01 1.048999999999999932e-01
1.000000000000000000e+01 9.763333333333333586e-02 1.009000000000000036e-01
1.100000000000000000e+01 9.400000000000000022e-02 9.719999999999999474e-02
1.200000000000000000e+01 9.078333333333332700e-02 9.479999999999999538e-02
1.300000000000000000e+01 8.796666666666666523e-02 9.260000000000000175e-02
1.400000000000000000e+01 8.534999999999999531e-02 9.110000000000000042e-02
1.500000000000000000e+01 8.291666666666666630e-02 8.939999999999999336e-02
1.600000000000000000e+01 8.066666666666666430e-02 8.680000000000000215e-02
1.700000000000000000e+01 7.881666666666665988e-02 8.490000000000000324e-02
1.800000000000000000e+01 7.706666666666667220e-02 8.359999999999999376e-02
1.900000000000000000e+01 7.536666666666666514e-02 8.210000000000000631e-02
2.000000000000000000e+01 7.381666666666666932e-02 8.039999999999999925e-02
2.100000000000000000e+01 7.240000000000000602e-02 7.870000000000000606e-02
2.200000000000000000e+01 7.099999999999999367e-02 7.789999999999999702e-02
2.300000000000000000e+01 6.959999999999999520e-02 7.729999999999999372e-02
2.400000000000000000e+01 6.825000000000000511e-02 7.649999999999999856e-02
2.500000000000000000e+01 6.728333333333333388e-02 7.510000000000000009e-02
2.600000000000000000e+01 6.600000000000000311e-02 7.399999999999999634e-02
2.700000000000000000e+01 6.463333333333333430e-02 7.320000000000000118e-02
2.800000000000000000e+01 6.339999999999999802e-02 7.230000000000000315e-02
2.900000000000000000e+01 6.236666666666666747e-02 7.080000000000000182e-02
3.000000000000000000e+01 6.144999999999999768e-02 7.009999999999999565e-02
3.100000000000000000e+01 6.040000000000000230e-02 6.959999999999999520e-02
3.200000000000000000e+01 5.929999999999999855e-02 6.900000000000000577e-02
3.300000000000000000e+01 5.851666666666666822e-02 6.850000000000000533e-02
3.400000000000000000e+01 5.788333333333333525e-02 6.740000000000000158e-02
3.500000000000000000e+01 5.708333333333333315e-02 6.629999999999999782e-02
3.600000000000000000e+01 5.606666666666666743e-02 6.610000000000000597e-02
3.700000000000000000e+01 5.538333333333333303e-02 6.560000000000000553e-02
3.800000000000000000e+01 5.460000000000000270e-02 6.519999999999999407e-02
3.900000000000000000e+01 5.388333333333333169e-02 6.489999999999999936e-02
4.000000000000000000e+01 5.313333333333333103e-02 6.450000000000000178e-02
4.100000000000000000e+01 5.243333333333333179e-02 6.400000000000000133e-02
4.200000000000000000e+01 5.183333333333333542e-02 6.339999999999999802e-02
4.300000000000000000e+01 5.134999999999999981e-02 6.270000000000000573e-02
4.400000000000000000e+01 5.063333333333333575e-02 6.219999999999999835e-02
4.500000000000000000e+01 5.003333333333333244e-02 6.219999999999999835e-02
4.600000000000000000e+01 4.971666666666666595e-02 6.119999999999999746e-02
4.700000000000000000e+01 4.931666666666666837e-02 6.090000000000000274e-02
4.800000000000000000e+01 4.878333333333333133e-02 6.040000000000000230e-02
4.900000000000000000e+01 4.823333333333333639e-02 5.999999999999999778e-02
5.000000000000000000e+01 4.761666666666666825e-02 5.949999999999999734e-02
