0.000000000000000000e+00 9.087166666666666170e-01 9.173000000000000043e-01
1.000000000000000000e+00 1.023166666666666669e-01 1.011999999999999983e-01
2.000000000000000000e+00 9.278333333333332877e-02 9.210000000000000131e-02
3.000000000000000000e+00 8.840000000000000635e-02 8.899999999999999578e-02
4.000000000000000000e+00 8.575000000000000677e-02 8.730000000000000260e-02
5.000000000000000000e+00 8.331666666666666388e-02 8.580000000000000127e-02
6.000000000000000000e+00 8.203333333333333310e-02 8.519999999999999796e-02
7.000000000000000000e+00 8.073333333333333750e-02 8.480000000000000038e-02
8.000000000000000000e+00 7.998333333333333683e-02 8.429999999999999993e-02
9.000000000000000000e+00 7.935000000000000386e-02 8.390000000000000235e-02
1.000000000000000000e+01 7.903333333333333044e-02 8.309999999999999332e-02
1.100000000000000000e+01 7.848333333333333550e-02 8.250000000000000389e-02
1.200000000000000000e+01 7.773333333333333484e-02 8.179999999999999771e-02
1.300000000000000000e+01 7.716666666666666119e-02 8.160000000000000586e-02
1.400000000000000000e+01 7.674999999999999878e-02 8.169999999999999485e-02
1.500000000000000000e+01 7.636666666666666603e-02 8.169999999999999485e-02
1.600000000000000000e+01 7.620000000000000384e-02 8.140000000000000013e-02
1.700000000000000000e+01 7.573333333333333306e-02 8.119999999999999440e-02
1.800000000000000000e+01 7.549999999999999767e-02 8.079999999999999682e-02
1.900000000000000000e+01 7.524999999999999745e-02 8.050000000000000211e-02
2.000000000000000000e+01 7.513333333333332975e-02 8.010000000000000453e-02
2.100000000000000000e+01 7.489999999999999436e-02 8.000000000000000167e-02
2.200000000000000000e+01 7.464999999999999414e-02 8.000000000000000167e-02
2.300000000000000000e+01 7.436666666666666425e-02 8.010000000000000453e-02
2.400000000000000000e+01 7.433333333333333459e-02 7.979999999999999594e-02
2.500000000000000000e+01 7.393333333333333701e-02 7.989999999999999880e-02
2.600000000000000000e+01 7.376666666666666095e-02 7.989999999999999880e-02
2.700000000000000000e+01 7.355000000000000426e-02 7.960000000000000409e-02
2.800000000000000000e+01 7.330000000000000404e-02 7.979999999999999594e-02
2.900000000000000000e+01 7.316666666666667151e-02 7.979999999999999594e-02
3.000000000000000000e+01 7.308333333333333348e-02 8.000000000000000167e-02
3.100000000000000000e+01 7.306666666666666865e-02 8.010000000000000453e-02
3.200000000000000000e+01 7.303333333333333899e-02 8.019999999999999352e-02
3.300000000000000000e+01 7.301666666666666028e-02 8.029999999999999638e-02
3.400000000000000000e+01 7.295000000000000095e-02 8.010000000000000453e-02
3.500000000000000000e+01 7.284999999999999809e-02 8.019999999999999352e-02
3.600000000000000000e+01 7.278333333333333877e-02 8.010000000000000453e-02
3.700000000000000000e+01 7.268333333333333590e-02 8.029999999999999638e-02
3.800000000000000000e+01 7.261666666666666270e-02 8.019999999999999352e-02
3.900000000000000000e+01 7.249999999999999500e-02 8.039999999999999925e-02
4.000000000000000000e+01 7.236666666666666248e-02 8.029999999999999638e-02
4.100000000000000000e+01 7.226666666666667349e-02 8.029999999999999638e-02
4.200000000000000000e+01 7.224999999999999478e-02 8.029999999999999638e-02
4.300000000000000000e+01 7.215000000000000580e-02 8.010000000000000453e-02
4.400000000000000000e+01 7.208333333333333259e-02 8.010000000000000453e-02
4.500000000000000000e+01 7.206666666666666776e-02 8.019999999999999352e-02
4.600000000000000000e+01 7.205000000000000293e-02 8.029999999999999638e-02
4.700000000000000000e+01 7.198333333333332973e-02 8.039999999999999925e-02
4.800000000000000000e+01 7.191666666666667040e-02 8.060000000000000497e-02
4.900000000000000000e+01 7.190000000000000557e-02 8.069999999999999396e-02
5.000000000000000000e+01 7.183333333333333237e-02 8.069999999999999396e-02
